
            FOPR            FWPR            FWIR
      616.479065        0.000000      616.500000
      616.490356        0.000000      616.500000
      616.485779        0.000000      616.500000
      616.479797        0.000000      616.500000
      615.583069        0.854384      616.500000
      604.053467       12.326576      616.500000
      591.279236       25.138754      616.500000
      579.284851       37.134861      616.500000
      564.248108       52.191978      616.500000
      547.168213       69.294144      616.500000
      527.796997       88.679939      616.500000
      510.990570      105.499306      616.500000
      496.863342      119.627342      616.500000
      485.006714      131.480972      616.500000
      472.976166      143.480484      616.500000
      455.204529      161.181671      616.500000
      427.230316      189.075668      616.500000
      389.098297      227.171661      616.500000
      349.299225      266.988770      616.500000
      314.130829      302.225769      616.500000
      284.136902      332.275055      616.500000
      260.060486      356.404968      616.500000
      239.933594      376.573730      616.500000
      222.205048      394.316742      616.500000
      203.575089      412.942230      616.500000
      188.039810      428.490906      616.500000
      174.491364      442.044067      616.500000
      162.917557      453.625397      616.500000
      152.860626      463.683533      616.500000
      144.409378      472.133118      616.500000
      137.018036      479.523651      616.500000
      130.034439      486.502930      616.500000
      124.028259      492.508026      616.500000
      118.680000      497.852020      616.500000
      113.857964      502.676270      616.500000
      109.525871      507.006165      616.500000
      105.506371      511.024017      616.500000
      101.718590      514.812561      616.500000
       98.155388      518.375549      616.500000
       94.783264      521.745483      616.500000
       91.577995      524.951294      616.500000
       88.409325      528.117981      616.500000
       85.315239      531.211731      616.500000
       82.221497      534.304016      616.500000
       79.147667      537.378113      616.500000
       76.075562      540.451111      616.500000
       73.084267      543.441284      616.500000
       70.193398      546.331726      616.500000
       67.468613      549.055298      616.500000
       64.929901      551.594666      616.500000
       62.601437      553.921570      616.500000
       60.438587      556.084290      616.500000
       58.423389      558.100098      616.500000
       56.513828      560.007080      616.500000
       54.726505      561.793945      616.500000
       53.049614      563.469604      616.500000
       51.487076      565.034241      616.500000
       50.019627      566.501404      616.500000
       48.645416      567.872314      616.500000
       47.357109      569.160278      616.500000
       46.118702      570.398193      616.500000
       44.931793      571.581665      616.500000
       43.793888      572.722168      616.500000
       42.683769      573.831848      616.500000
       41.613098      574.902771      616.500000
       40.594563      575.921448      616.500000
       39.604664      576.909729      616.500000
       38.655907      577.858765      616.500000
       37.729336      578.785217      616.500000
       36.836617      579.680054      616.500000
       35.985798      580.530518      616.500000
       35.179710      581.335327      616.500000
       34.412811      582.101135      616.500000
       33.684235      582.829163      616.500000
       32.989597      583.523865      616.500000
       32.323975      584.188965      616.500000
       31.682741      584.829407      616.500000
       31.064148      585.449219      616.500000
       30.467531      586.046143      616.500000
       29.887960      586.624756      616.500000
       29.325798      587.185059      616.500000
       28.779648      587.731934      616.500000
       28.247671      588.264709      616.500000
       27.730158      588.778076      616.500000
       27.228336      589.282654      616.500000
       26.741655      589.770447      616.500000
       26.269192      590.242310      616.500000
       25.811768      590.699402      616.500000
       25.368912      591.141968      616.500000
       24.938559      591.571838      616.500000
       24.520350      591.989746      616.500000
       24.114748      592.394226      616.500000
       23.720694      592.789062      616.500000
       23.339211      593.168030      616.500000
       22.969152      593.539062      616.500000
       22.609789      593.899780      616.500000
       22.258875      594.249573      616.500000
       21.917572      594.590820      616.500000
       21.584467      594.924683      616.500000
       21.259569      595.246582      616.500000
       20.943005      595.564880      616.500000
       20.634754      595.871643      616.500000
       20.334263      596.171326      616.500000
       20.041374      596.466187      616.500000
       19.755943      596.751892      616.500000
       19.478048      597.028992      616.500000
       19.207428      597.299683      616.500000
       18.943666      597.563538      616.500000
       18.686464      597.821106      616.500000
       18.435579      598.071350      616.500000
       18.190683      598.315918      616.500000
       17.951355      598.555420      616.500000
       17.717134      598.789551      616.500000
       17.488138      599.017883      616.500000
       17.264769      599.241089      616.500000
       17.047007      599.458801      616.500000
       16.834309      599.671936      616.500000
       16.626707      599.879456      616.500000
       16.424749      600.080750      616.500000
       16.228395      600.277222      616.500000

