
            FOPT            FWPT            FWIT
    18493.898438        0.000000    18495.000000
    36988.437500        0.000000    36990.000000
    55482.960938        0.000000    55485.000000
    73977.406250        0.000000    73980.000000
    92444.898438       25.631514    92475.000000
   110566.507812      395.428802   110970.000000
   128304.882812     1149.591431   129465.000000
   145683.421875     2263.637207   147960.000000
   162610.875000     3829.396484   166455.000000
   179025.921875     5908.220703   184950.000000
   194859.828125     8568.619141   203445.000000
   210189.546875    11733.598633   221940.000000
   225095.437500    15322.418945   240435.000000
   239645.640625    19266.847656   258930.000000
   253834.921875    23571.261719   277425.000000
   267491.062500    28406.712891   295920.000000
   280307.968750    34078.984375   314415.000000
   291980.937500    40894.132812   332910.000000
   302459.906250    48903.796875   351405.000000
   311883.812500    57970.566406   369900.000000
   320407.937500    67938.820312   388395.000000
   328209.750000    78630.968750   406890.000000
   335407.750000    89928.179688   425385.000000
   342073.906250   101757.679688   443880.000000
   348181.156250   114145.953125   462375.000000
   353822.343750   127000.679688   480870.000000
   359057.093750   140262.000000   499365.000000
   363944.625000   153870.765625   517860.000000
   368530.437500   167781.265625   536355.000000
   372862.718750   181945.265625   554850.000000
   376973.250000   196330.968750   573345.000000
   380874.281250   210926.062500   591840.000000
   384595.156250   225701.296875   610335.000000
   388155.531250   240636.859375   628830.000000
   391571.281250   255717.140625   647325.000000
   394857.062500   270927.343750   665820.000000
   398022.250000   286258.062500   684315.000000
   401073.812500   301702.437500   702810.000000
   404018.468750   317253.687500   721305.000000
   406861.968750   332906.062500   739800.000000
   409609.312500   348654.593750   758295.000000
   412261.593750   364498.125000   776790.000000
   414821.031250   380434.500000   795285.000000
   417287.687500   396463.593750   813780.000000
   419662.125000   412584.937500   832275.000000
   421944.375000   428798.468750   850770.000000
   424136.906250   445101.718750   869265.000000
   426242.718750   461491.687500   887760.000000
   428266.781250   477963.343750   906255.000000
   430214.656250   494511.187500   924750.000000
   432092.718750   511128.812500   943245.000000
   433905.875000   527811.375000   961740.000000
   435658.562500   544554.375000   980235.000000
   437354.000000   561354.562500   998730.000000
   438995.781250   578208.375000    1.017225e+06
   440587.281250   595112.500000    1.035720e+06
   442131.875000   612063.500000    1.054215e+06
   443632.468750   629058.562500    1.072710e+06
   445091.843750   646094.687500    1.091205e+06
   446512.531250   663169.500000    1.109700e+06
   447896.093750   680281.437500    1.128195e+06
   449244.062500   697428.937500    1.146690e+06
   450557.875000   714610.562500    1.165185e+06
   451838.375000   731825.562500    1.183680e+06
   453086.781250   749072.625000    1.202175e+06
   454304.625000   766350.250000    1.220670e+06
   455492.750000   783657.562500    1.239165e+06
   456652.437500   800993.312500    1.257660e+06
   457784.312500   818356.875000    1.276155e+06
   458889.406250   835747.250000    1.294650e+06
   459969.000000   853163.187500    1.313145e+06
   461024.375000   870603.250000    1.331640e+06
   462056.781250   888066.250000    1.350135e+06
   463067.281250   905551.125000    1.368630e+06
   464056.968750   923056.875000    1.387125e+06
   465026.687500   940582.562500    1.405620e+06
   465977.187500   958127.437500    1.424115e+06
   466909.093750   975690.875000    1.442610e+06
   467823.125000   993272.312500    1.461105e+06
   468719.781250    1.010871e+06    1.479600e+06
   469599.531250    1.028487e+06    1.498095e+06
   470462.937500    1.046119e+06    1.516590e+06
   471310.375000    1.063766e+06    1.535085e+06
   472142.281250    1.081430e+06    1.553580e+06
   472959.125000    1.099108e+06    1.572075e+06
   473761.375000    1.116801e+06    1.590570e+06
   474549.437500    1.134509e+06    1.609065e+06
   475323.812500    1.152230e+06    1.627560e+06
   476084.875000    1.169964e+06    1.646055e+06
   476833.031250    1.187711e+06    1.664550e+06
   477568.625000    1.205471e+06    1.683045e+06
   478292.062500    1.223243e+06    1.701540e+06
   479003.687500    1.241026e+06    1.720035e+06
   479703.875000    1.258821e+06    1.738530e+06
   480392.937500    1.276628e+06    1.757025e+06
   481071.250000    1.294444e+06    1.775520e+06
   481739.000000    1.312272e+06    1.794015e+06
   482396.531250    1.330110e+06    1.812510e+06
   483044.062500    1.347957e+06    1.831005e+06
   483681.843750    1.365815e+06    1.849500e+06
   484310.156250    1.383682e+06    1.867995e+06
   484929.187500    1.401558e+06    1.886490e+06
   485539.218750    1.419443e+06    1.904985e+06
   486140.468750    1.437337e+06    1.923480e+06
   486733.125000    1.455240e+06    1.941975e+06
   487317.468750    1.473150e+06    1.960470e+06
   487893.687500    1.491070e+06    1.978965e+06
   488462.000000    1.508996e+06    1.997460e+06
   489022.593750    1.526931e+06    2.015955e+06
   489575.656250    1.544873e+06    2.034450e+06
   490121.406250    1.562823e+06    2.052945e+06
   490659.937500    1.580779e+06    2.071440e+06
   491191.437500    1.598743e+06    2.089935e+06
   491716.093750    1.616714e+06    2.108430e+06
   492234.031250    1.634691e+06    2.126925e+06
   492745.437500    1.652674e+06    2.145420e+06
   493250.468750    1.670665e+06    2.163915e+06
   493749.281250    1.688661e+06    2.182410e+06
   494242.031250    1.706664e+06    2.200905e+06
   494728.875000    1.724672e+06    2.219400e+06

