
    WWIR:INJECT5
       79.500000
       79.500000
       79.500000
       79.500000
       79.500000
       79.500000
       79.500000
       79.500000
       79.500000
       79.500000
       79.500000
       79.500000
       79.500000
       79.500000
       79.500000
       79.500000
       79.500000
       79.500000
       79.500000
       79.500000
       79.500000
       79.500000
       79.500000
       79.500000
       79.500000
       79.500000
       79.500000
       79.500000
       79.500000
       79.500000
       79.500000
       79.500000
       79.500000
       79.500000
       79.500000
       79.500000
       79.500000
       79.500000
       79.500000
       79.500000
       79.500000
       79.500000
       79.500000
       79.500000
       79.500000
       79.500000
       79.500000
       79.500000
       79.500000
       79.500000
       79.500000
       79.500000
       79.500000
       79.500000
       79.500000
       79.500000
       79.500000
       79.500000
       79.500000
       79.500000
       79.500000
       79.500000
       79.500000
       79.500000
       79.500000
       79.500000
       79.500000
       79.500000
       79.500000
       79.500000
       79.500000
       79.500000
       79.500000
       79.500000
       79.500000
       79.500000
       79.500000
       79.500000
       79.500000
       79.500000
       79.500000
       79.500000
       79.500000
       79.500000
       79.500000
       79.500000
       79.500000
       79.500000
       79.500000
       79.500000
       79.500000
       79.500000
       79.500000
       79.500000
       79.500000
       79.500000
       79.500000
       79.500000
       79.500000
       79.500000
       79.500000
       79.500000
       79.500000
       79.500000
       79.500000
       79.500000
       79.500000
       79.500000
       79.500000
       79.500000
       79.500000
       79.500000
       79.500000
       79.500000
       79.500000
       79.500000
       79.500000
       79.500000
       79.500000
       79.500000

