
    WWIR:INJECT1
       60.000000
       60.000000
       60.000000
       60.000000
       60.000000
       60.000000
       60.000000
       60.000000
       60.000000
       60.000000
       60.000000
       60.000000
       60.000000
       60.000000
       60.000000
       60.000000
       60.000000
       60.000000
       60.000000
       60.000000
       60.000000
       60.000000
       60.000000
       60.000000
       60.000000
       60.000000
       60.000000
       60.000000
       60.000000
       60.000000
       60.000000
       60.000000
       60.000000
       60.000000
       60.000000
       60.000000
       60.000000
       60.000000
       60.000000
       60.000000
       60.000000
       60.000000
       60.000000
       60.000000
       60.000000
       60.000000
       60.000000
       60.000000
       60.000000
       60.000000
       60.000000
       60.000000
       60.000000
       60.000000
       60.000000
       60.000000
       60.000000
       60.000000
       60.000000
       60.000000
       60.000000
       60.000000
       60.000000
       60.000000
       60.000000
       60.000000
       60.000000
       60.000000
       60.000000
       60.000000
       60.000000
       60.000000
       60.000000
       60.000000
       60.000000
       60.000000
       60.000000
       60.000000
       60.000000
       60.000000
       60.000000
       60.000000
       60.000000
       60.000000
       60.000000
       60.000000
       60.000000
       60.000000
       60.000000
       60.000000
       60.000000
       60.000000
       60.000000
       60.000000
       60.000000
       60.000000
       60.000000
       60.000000
       60.000000
       60.000000
       60.000000
       60.000000
       60.000000
       60.000000
       60.000000
       60.000000
       60.000000
       60.000000
       60.000000
       60.000000
       60.000000
       60.000000
       60.000000
       60.000000
       60.000000
       60.000000
       60.000000
       60.000000
       60.000000
       60.000000

