
    WWIR:INJECT8
       79.500000
       79.500000
       79.500000
       79.500000
       79.500000
       79.500000
       79.500000
       79.500000
       79.500000
       79.500000
       79.500000
       79.500000
       79.500000
       79.500000
       79.500000
       79.500000
       79.500000
       79.500000
       79.500000
       79.500000
       79.500000
       79.500000
       79.500000
       79.500000
       79.500000
       79.500000
       79.500000
       79.500000
       79.500000
       79.500000
       79.500000
       79.500000
       79.500000
       79.500000
       79.500000
       79.500000
       79.500000
       79.500000
       79.500000
       79.500000
       79.500000
       79.500000
       79.500000
       79.500000
       79.500000
       79.500000
       79.500000
       79.500000
       79.500000
       79.500000
       79.500000
       79.500000
       79.500000
       79.500000
       79.500000
       79.500000
       79.500000
       79.500000
       79.500000
       79.500000
       79.500000
       79.500000
       79.500000
       79.500000
       79.500000
       79.500000
       79.500000
       79.500000
       79.500000
       79.500000
       79.500000
       79.500000
       79.500000
       79.500000
       79.500000
       79.500000
       79.500000
       79.500000
       79.500000
       79.500000
       79.500000
       79.500000
       79.500000
       79.500000
       79.500000
       79.500000
       79.500000
       79.500000
       79.500000
       79.500000
       79.500000
       79.500000
       79.500000
       79.500000
       79.500000
       79.500000
       79.500000
       79.500000
       79.500000
       79.500000
       79.500000
       79.500000
       79.500000
       79.500000
       79.500000
       79.500000
       79.500000
       79.500000
       79.500000
       79.500000
       79.500000
       79.500000
       79.500000
       79.500000
       79.500000
       79.500000
       79.500000
       79.500000
       79.500000
       79.500000

