
      WOPR:PROD1      WWPR:PROD1      WLPR:PROD1
      124.559608       -0.000000      124.559608
      125.203430       -0.000000      125.203430
      125.608986       -0.000000      125.608986
      126.085419       -0.000000      126.085419
      129.420425       -0.000000      129.420425
      136.364975       -0.000000      136.364975
      140.692657       -0.000000      140.692657
      144.783813       -0.000000      144.783813
      147.661026       -0.000000      147.661026
      149.220459       -0.000000      149.220459
      149.902390       -0.000000      149.902390
      149.689087       -0.000000      149.689087
      149.018448       -0.000000      149.018448
      147.416885       -0.000000      147.416885
      140.178741        0.164198      140.342941
      119.658554        2.790733      122.449287
       96.766228        9.363601      106.129829
       78.895302       18.545336       97.440643
       65.123459       29.775459       94.898918
       56.623993       40.302013       96.926003
       50.606197       49.290718       99.896912
       45.466599       57.051258      102.517853
       41.076878       64.205765      105.282646
       37.155945       70.281464      107.437408
       32.686157       76.415474      109.101631
       29.040901       81.485184      110.526085
       26.034018       85.701988      111.736008
       23.825750       89.189095      113.014847
       22.177137       92.082832      114.259964
       20.868326       94.352417      115.220749
       19.718071       96.338448      116.056519
       18.604256       98.382622      116.986877
       17.454880      100.469437      117.924316
       16.358585      102.505264      118.863846
       15.364513      104.474258      119.838768
       14.448982      106.414406      120.863388
       13.620858      108.239182      121.860039
       12.835335      109.947624      122.782959
       12.128135      111.552635      123.680771
       11.499844      113.073830      124.573669
       10.951391      114.477432      125.428818
       10.459192      115.781067      126.240257
       10.013912      116.936157      126.950073
        9.613169      117.966202      127.579369
        9.256659      118.892456      128.149124
        8.914767      119.650520      128.565292
        8.595841      120.306396      128.902237
        8.300168      120.844879      129.145050
        8.017284      121.291313      129.308594
        7.752118      121.678688      129.430801
        7.507385      122.025963      129.533340
        7.271991      122.322983      129.594971
        7.047045      122.591583      129.638626
        6.835416      122.833000      129.668427
        6.637757      123.055389      129.693146
        6.453752      123.243164      129.696915
        6.282558      123.385834      129.668396
        6.124587      123.491333      129.615921
        5.979824      123.574379      129.554199
        5.844467      123.628319      129.472794
        5.717297      123.662529      129.379822
        5.597533      123.679008      129.276550
        5.483819      123.677078      129.160904
        5.376052      123.668762      129.044815
        5.273106      123.653130      128.926239
        5.174133      123.628990      128.803131
        5.078866      123.599426      128.678284
        4.986406      123.558296      128.544708
        4.897090      123.520844      128.417938
        4.810539      123.482384      128.292923
        4.726678      123.443115      128.169785
        4.645534      123.403465      128.048996
        4.566729      123.362061      127.928787
        4.490104      123.316078      127.806183
        4.415840      123.266060      127.681900
        4.344370      123.223038      127.567406
        4.275051      123.180023      127.455070
        4.207508      123.136871      127.344376
        4.142119      123.094147      127.236267
        4.078649      123.051933      127.130585
        4.017014      123.009377      127.026398
        3.956969      122.968292      126.925262
        3.898502      122.932159      126.830666
        3.841714      122.899132      126.740845
        3.786131      122.867271      126.653404
        3.731639      122.831032      126.562668
        3.678400      122.794891      126.473289
        3.626514      122.759476      126.385994
        3.575852      122.724037      126.299889
        3.526368      122.687973      126.214340
        3.478349      122.653481      126.131836
        3.431461      122.618988      126.050453
        3.385547      122.579491      125.965034
        3.340694      122.535477      125.876175
        3.296825      122.488861      125.785690
        3.254052      122.440933      125.694984
        3.212688      122.400932      125.613617
        3.172199      122.362312      125.534508
        3.132370      122.317940      125.450310
        3.093369      122.274727      125.368095
        3.055306      122.235016      125.290321
        3.018050      122.196724      125.214775
        2.981541      122.160774      125.142319
        2.945774      122.125267      125.071045
        2.910779      122.091568      125.002342
        2.876397      122.058548      124.934944
        2.842612      122.026581      124.869194
        2.809425      121.995148      124.804573
        2.776848      121.964584      124.741432
        2.744863      121.934380      124.679245
        2.713564      121.908600      124.622162
        2.682935      121.890503      124.573441
        2.652860      121.874901      124.527763
        2.623371      121.860847      124.484222
        2.594604      121.848236      124.442841
        2.566314      121.834381      124.400688
        2.538504      121.821449      124.359955
        2.511209      121.809372      124.320580
        2.484359      121.797241      124.281593
        2.458029      121.785362      124.243393

