
      WOPR:PROD2      WWPR:PROD2      WLPR:PROD2
      300.092926       -0.000000      300.092926
      298.281250       -0.000000      298.281250
      296.367950       -0.000000      296.367950
      293.956757       -0.000000      293.956757
      283.456360        0.854384      284.310730
      252.308258       12.326576      264.634827
      226.161514       25.138754      251.300262
      201.018066       37.134861      238.152939
      176.544266       52.191978      228.736252
      154.091690       69.294144      223.385834
      132.115036       88.679939      220.794983
      115.479675      105.499306      220.978989
      102.755638      119.627342      222.382980
       93.697021      131.480972      225.177994
       88.333389      143.316284      231.649673
       86.793655      158.390930      245.184601
       88.360176      178.791443      267.151611
       90.876587      201.174164      292.050751
       92.818161      220.878891      313.697052
       93.133171      234.749817      327.882965
       92.530014      244.374695      336.904724
       90.676804      250.669739      341.346558
       87.686874      254.911652      342.598511
       84.436111      258.678650      343.114746
       81.596222      262.992981      344.589203
       78.689316      266.106506      344.795807
       75.976463      268.650726      344.627197
       73.320969      270.251373      343.572357
       70.849770      271.440063      342.289825
       68.597885      272.305023      340.902893
       66.531471      272.770172      339.301666
       64.734230      273.134338      337.868591
       63.081406      273.213348      336.294739
       61.568752      273.134521      334.703247
       60.137917      272.942535      333.080444
       58.783451      272.559906      331.343353
       57.431965      272.122925      329.554871
       56.093227      271.748627      327.841858
       54.759872      271.394836      326.154694
       53.407364      271.080017      324.487366
       52.020618      270.829224      322.849854
       50.535866      270.752655      321.288513
       49.014137      270.861237      319.875397
       47.382996      271.204529      318.587524
       45.652031      271.732330      317.384369
       43.853039      272.582153      316.435181
       42.051788      273.544769      315.596558
       40.279709      274.600708      314.880402
       38.614067      275.655792      314.269836
       37.078445      276.695038      313.773468
       35.688805      277.635071      313.323883
       34.412262      278.525635      312.937897
       33.232922      279.329956      312.562897
       32.110806      280.121307      312.232117
       31.064028      280.869720      311.933746
       30.082014      281.565613      311.647644
       29.174540      282.233154      311.407684
       28.321127      282.868408      311.189514
       27.524311      283.471497      310.995819
       26.782547      284.043915      310.826447
       26.064718      284.610138      310.674866
       25.375807      285.152069      310.527863
       24.714729      285.681030      310.395782
       24.062471      286.208740      310.271210
       23.431032      286.729706      310.160736
       22.835146      287.232758      310.067932
       22.250465      287.729645      309.980103
       21.688652      288.218872      309.907532
       21.132763      288.709564      309.842346
       20.596289      289.187866      309.784149
       20.087370      289.645416      309.732788
       19.609392      290.082214      309.691620
       19.158287      290.511292      309.669556
       18.732998      290.937836      309.670837
       18.329945      291.362762      309.692719
       17.945091      291.777466      309.722565
       17.574446      292.169586      309.744019
       17.217560      292.561981      309.779541
       16.872658      292.951599      309.824249
       16.536186      293.340576      309.876770
       16.208202      293.718964      309.927185
       15.889225      294.099915      309.989136
       15.577698      294.477936      310.055634
       15.274091      294.862885      310.136993
       14.979571      295.249512      310.229095
       14.692761      295.626740      310.319489
       14.413858      295.999725      310.413574
       14.143546      296.367523      310.511078
       13.882473      296.730652      310.613129
       13.629040      297.090698      310.719727
       13.382604      297.443909      310.826508
       13.143952      297.791992      310.935944
       12.912811      298.150360      311.063171
       12.690026      298.505524      311.195526
       12.473782      298.853790      311.327576
       12.263067      299.195435      311.458496
       12.056669      299.525726      311.582397
       11.856460      299.852753      311.709198
       11.661618      300.192413      311.854034
       11.471668      300.523529      311.995178
       11.286545      300.848999      312.135559
       11.106177      301.164490      312.270660
       10.930266      301.471527      312.401764
       10.758512      301.768829      312.527344
       10.591210      302.056488      312.647705
       10.428680      302.338440      312.767120
       10.270163      302.610413      312.880585
       10.115534      302.871918      312.987457
        9.964807      303.126831      313.091644
        9.817873      303.376160      313.194031
        9.674378      303.618286      313.292664
        9.534176      303.850708      313.384888
        9.396965      304.077576      313.474548
        9.262842      304.298798      313.561615
        9.132063      304.515259      313.647308
        9.004481      304.720703      313.725189
        8.880132      304.920563      313.800690
        8.758952      305.114655      313.873627
        8.641505      305.302429      313.943909
        8.527838      305.483185      314.011047

