
      WOPR:PROD4      WWPR:PROD4      WLPR:PROD4
      105.519646       -0.000000      105.519646
      106.117531       -0.000000      106.117531
      107.033241       -0.000000      107.033241
      108.178314       -0.000000      108.178314
      111.924919       -0.000000      111.924919
      119.539871       -0.000000      119.539871
      125.040970       -0.000000      125.040970
      130.599319       -0.000000      130.599319
      134.659500       -0.000000      134.659500
      137.039917       -0.000000      137.039917
      138.207062       -0.000000      138.207062
      138.190933       -0.000000      138.190933
      137.586105       -0.000000      137.586105
      136.585770       -0.000000      136.585770
      136.265961       -0.000000      136.265961
      137.010651       -0.000000      137.010651
      123.909546        0.920638      124.830185
       98.482399        7.421328      105.903732
       88.295090       14.378284      102.673378
       82.776939       20.164934      102.941872
       77.071327       25.262611      102.333939
       72.079079       29.402065      101.481140
       66.986664       33.002769       99.989433
       61.799656       36.523922       98.323578
       54.391052       40.964043       95.355095
       48.664440       45.094810       93.759254
       43.593742       48.949051       92.542793
       39.183914       52.699741       91.883659
       35.285862       56.211922       91.497780
       32.200729       59.296268       91.496994
       29.616156       62.243996       91.860153
       26.879622       64.964188       91.843811
       24.837639       67.222023       92.059662
       23.107765       69.258995       92.366760
       21.588253       71.100677       92.688927
       20.324656       72.786728       93.111389
       19.209478       74.373886       93.583366
       18.214987       75.878639       94.093628
       17.311588       77.311325       94.622917
       16.480305       78.662842       95.143150
       15.711324       79.987633       95.698952
       14.987988       81.274170       96.262154
       14.299347       82.507095       96.806442
       13.649532       83.683739       97.333267
       13.048687       84.812218       97.860901
       12.480830       85.836945       98.317772
       11.944434       86.790154       98.734589
       11.437012       87.708099       99.145111
       10.960942       88.593552       99.554497
       10.509195       89.403297       99.912491
       10.083895       90.154434      100.238335
        9.689549       90.864182      100.553726
        9.322582       91.551651      100.874229
        8.979897       92.181412      101.161308
        8.661640       92.760864      101.422501
        8.368814       93.319702      101.688515
        8.095960       93.843201      101.939163
        7.840149       94.327461      102.167610
        7.600225       94.776039      102.376266
        7.375606       95.209618      102.585220
        7.161038       95.612473      102.773514
        6.954409       95.986038      102.940445
        6.757263       96.353050      103.110313
        6.567912       96.697479      103.265388
        6.388255       97.019753      103.408005
        6.217047       97.321556      103.538605
        6.055484       97.614731      103.670219
        5.904037       97.886154      103.790192
        5.761621       98.138519      103.900139
        5.625023       98.371040      103.996063
        5.494694       98.587723      104.082413
        5.370091       98.789146      104.159241
        5.251027       98.973579      104.224609
        5.137874       99.141396      104.279266
        5.029766       99.294243      104.324013
        4.926168       99.433205      104.359375
        4.826245       99.554237      104.380486
        4.730047       99.661766      104.391815
        4.638096       99.757736      104.395836
        4.549756       99.845345      104.395096
        4.465337       99.937660      104.403000
        4.383862      100.020866      104.404732
        4.305424      100.094223      104.399643
        4.229666      100.149422      104.379082
        4.156702      100.195831      104.352531
        4.086068      100.230484      104.316551
        4.017980      100.258408      104.276382
        3.952630      100.282410      104.235039
        3.889369      100.302330      104.191696
        3.828166      100.317650      104.145813
        3.769021      100.329910      104.098930
        3.711931      100.338036      104.049965
        3.656481      100.337662      103.994141
        3.602846      100.336098      103.938942
        3.550975      100.338905      103.889877
        3.500433      100.338676      103.839111
        3.451270      100.334412      103.785683
        3.403509      100.326729      103.730232
        3.356865      100.310944      103.667809
        3.311486      100.293030      103.604515
        3.267396      100.275009      103.542404
        3.224669      100.256752      103.481422
        3.183103      100.237808      103.420914
        3.142586      100.217148      103.359734
        3.103224      100.196030      103.299255
        3.064831      100.173790      103.238625
        3.027773      100.156380      103.184151
        2.991750      100.144691      103.136444
        2.956471      100.133827      103.090302
        2.922146      100.122704      103.044853
        2.888606      100.110619      102.999229
        2.855802      100.097679      102.953476
        2.823714      100.084229      102.907944
        2.792346      100.070770      102.863113
        2.761716      100.056892      102.818611
        2.731735      100.040512      102.772247
        2.702469      100.024216      102.726685
        2.673920      100.008102      102.682022
        2.646123       99.993874      102.639992
        2.619087       99.983185      102.602272

