
      WOPR:PROD3      WWPR:PROD3      WLPR:PROD3
       86.306892       -0.000000       86.306892
       86.888145       -0.000000       86.888145
       87.475624       -0.000000       87.475624
       88.259293       -0.000000       88.259293
       90.781349       -0.000000       90.781349
       95.840370       -0.000000       95.840370
       99.384094       -0.000000       99.384094
      102.883621       -0.000000      102.883621
      105.383286       -0.000000      105.383286
      106.816132       -0.000000      106.816132
      107.572487       -0.000000      107.572487
      107.630867       -0.000000      107.630867
      107.503136       -0.000000      107.503136
      107.307037       -0.000000      107.307037
      108.198082       -0.000000      108.198082
      111.741676       -0.000000      111.741676
      118.194359       -0.000000      118.194359
      120.844009        0.030833      120.874840
      103.062508        1.956122      105.018631
       81.596718        7.009002       88.605721
       63.929382       13.347040       77.276421
       51.838013       19.281898       71.119911
       44.183167       24.453560       68.636726
       38.813328       28.832716       67.646042
       34.901657       32.569717       67.471375
       31.645159       35.804428       67.449585
       28.887146       38.742294       67.629440
       26.586922       41.485157       68.072083
       24.547859       43.948711       68.496574
       22.742437       46.179428       68.921867
       21.152336       48.171013       69.323349
       19.816336       50.021778       69.838120
       18.654333       51.603214       70.257545
       17.644897       52.953262       70.598160
       16.767279       54.158825       70.926109
       15.968780       55.245117       71.213898
       15.244074       56.288040       71.532112
       14.575039       57.237656       71.812691
       13.955793       58.116768       72.072563
       13.395753       58.928772       72.324524
       12.894661       59.656994       72.551651
       12.426275       60.310078       72.736351
       11.987838       60.907215       72.895050
       11.575801       61.449520       73.025322
       11.190289       61.941090       73.131378
       10.826923       62.381474       73.208397
       10.492207       62.799950       73.292160
       10.176507       63.178055       73.354561
        9.876314       63.514668       73.390984
        9.590143       63.817657       73.407799
        9.321351       64.106071       73.427422
        9.064784       64.371513       73.436302
        8.820838       64.626877       73.447716
        8.587708       64.871346       73.459053
        8.363079       65.107994       73.471077
        8.145033       65.341118       73.486153
        7.934020       65.572075       73.506088
        7.733765       65.814224       73.547989
        7.541055       66.050415       73.591469
        7.354490       66.278419       73.632912
        7.175648       66.513023       73.688667
        7.004044       66.764565       73.768608
        6.838075       67.010971       73.849045
        6.677334       67.256859       73.934196
        6.520705       67.500175       74.020882
        6.368237       67.738121       74.106361
        6.219851       67.965950       74.185799
        6.076812       68.195427       74.272240
        5.937862       68.416298       74.354156
        5.804767       68.638741       74.443512
        5.677054       68.854240       74.531296
        5.554693       69.060478       74.615173
        5.436770       69.254234       74.691002
        5.323260       69.433868       74.757126
        5.214046       69.600792       74.814842
        5.108346       69.755272       74.863617
        5.007000       69.925545       74.932549
        4.909035       70.088585       74.997620
        4.814657       70.242668       75.057327
        4.723369       70.386909       75.110275
        4.635244       70.519028       75.154274
        4.549591       70.642845       75.192436
        4.466048       70.760414       75.226463
        4.384687       70.866669       75.251350
        4.305932       70.970062       75.275993
        4.231188       71.082230       75.313416
        4.158955       71.189301       75.348251
        4.089078       71.289963       75.379044
        4.021217       71.384933       75.406151
        3.954986       71.475533       75.430519
        3.890376       71.562447       75.452820
        3.827404       71.645226       75.472626
        3.765854       71.721558       75.487411
        3.705643       71.790970       75.496613
        3.647572       71.857536       75.505104
        3.592236       71.924759       75.516991
        3.538248       71.988487       75.526733
        3.485404       72.049049       75.534454
        3.433614       72.103371       75.536980
        3.383046       72.155304       75.538353
        3.333758       72.205833       75.539589
        3.285858       72.253685       75.539543
        3.239351       72.301239       75.540588
        3.194500       72.354919       75.549423
        3.150729       72.407784       75.558510
        3.108140       72.458206       75.566353
        3.066880       72.506279       75.573158
        3.026958       72.551796       75.578751
        2.988339       72.595879       75.584221
        2.950697       72.638115       75.588814
        2.914134       72.678429       75.592567
        2.878443       72.716507       75.594948
        2.843594       72.752853       75.596443
        2.809579       72.787460       75.597046
        2.776385       72.820717       75.597099
        2.744478       72.863213       75.607689
        2.713203       72.905685       75.618889
        2.682627       72.947319       75.629951
        2.652761       72.987251       75.640015
        2.623443       73.025459       75.648903

