
            FOPT            FWPT            FWIT
    19077.052734        0.000000    19080.000000
    38156.503906        0.000000    38160.000000
    57235.875000        0.000000    57240.000000
    76315.132812        0.000000    76320.000000
    95363.375000       29.750668    95400.000000
   114054.109375      415.203125   114480.000000
   132332.765625     1214.205078   133560.000000
   150177.671875     2446.807617   152640.000000
   167556.734375     4145.949219   171720.000000
   184406.843750     6374.603027   190800.000000
   200667.421875     9193.055664   209880.000000
   216345.828125    12592.751953   228960.000000
   231337.875000    16677.296875   248040.000000
   245633.828125    21458.457031   267120.000000
   259266.453125    26903.671875   286200.000000
   272334.468750    32914.394531   305280.000000
   284612.281250    39712.503906   324360.000000
   295861.531250    47538.003906   343440.000000
   306061.906250    56412.535156   362520.000000
   315256.281250    66294.218750   381600.000000
   323570.437500    77057.867188   400680.000000
   331228.218750    88479.671875   419760.000000
   338324.718750   100463.398438   438840.000000
   344875.093750   112993.406250   457920.000000
   350948.750000   126000.585938   477000.000000
   356610.187500   139420.296875   496080.000000
   361899.062500   153212.625000   515160.000000
   366864.343750   167328.640625   534240.000000
   371555.062500   181719.234375   553320.000000
   376000.093750   196355.406250   572400.000000
   380215.468750   211221.171875   591480.000000
   384236.093750   226281.703125   610560.000000
   388080.250000   241518.609375   629640.000000
   391764.187500   256915.718750   648720.000000
   395301.062500   272459.812500   667800.000000
   398700.718750   288141.156250   686880.000000
   401968.968750   303953.875000   705960.000000
   405112.656250   319891.062500   725040.000000
   408136.843750   335947.812500   744120.000000
   411045.343750   352120.218750   763200.000000
   413836.843750   368409.718750   782280.000000
   416510.781250   384816.687500   801360.000000
   419065.406250   401343.031250   820440.000000
   421498.281250   417991.031250   839520.000000
   423812.968750   434757.187500   858600.000000
   426014.937500   451636.093750   877680.000000
   428114.187500   468617.687500   896760.000000
   430121.312500   485691.406250   915840.000000
   432044.468750   502849.031250   934920.000000
   433890.406250   520083.875000   954000.000000
   435666.093750   537389.000000   973080.000000
   437377.281250   554758.500000   992160.000000
   439029.968750   572186.500000    1.011240e+06
   440629.062500   589668.062500    1.030320e+06
   442179.312500   607198.437500    1.049400e+06
   443684.000000   624774.312500    1.068480e+06
   445145.562500   642393.250000    1.087560e+06
   446565.468750   660053.937500    1.106640e+06
   447946.562500   677753.312500    1.125720e+06
   449291.437500   695488.937500    1.144800e+06
   450602.687500   713258.250000    1.163880e+06
   451882.593750   731058.812500    1.182960e+06
   453133.062500   748888.812500    1.202040e+06
   454355.812500   766746.500000    1.221120e+06
   455552.250000   784630.500000    1.240200e+06
   456723.312500   802539.875000    1.259280e+06
   457869.906250   820473.750000    1.278360e+06
   458992.843750   838431.250000    1.297440e+06
   460092.812500   856411.687500    1.316520e+06
   461170.500000   874414.437500    1.335600e+06
   462226.406250   892439.000000    1.354680e+06
   463261.187500   910484.625000    1.373760e+06
   464275.468750   928550.812500    1.392840e+06
   465269.750000   946636.937500    1.411920e+06
   466244.531250   964742.562500    1.431000e+06
   467200.281250   982867.187500    1.450080e+06
   468137.531250    1.001010e+06    1.469160e+06
   469056.781250    1.019172e+06    1.488240e+06
   469958.500000    1.037350e+06    1.507320e+06
   470843.156250    1.055546e+06    1.526400e+06
   471711.250000    1.073758e+06    1.545480e+06
   472563.187500    1.091987e+06    1.564560e+06
   473399.468750    1.110231e+06    1.583640e+06
   474220.500000    1.128490e+06    1.602720e+06
   475026.781250    1.146764e+06    1.621800e+06
   475818.687500    1.165052e+06    1.640880e+06
   476596.718750    1.183355e+06    1.659960e+06
   477361.250000    1.201671e+06    1.679040e+06
   478112.687500    1.220000e+06    1.698120e+06
   478851.343750    1.238341e+06    1.717200e+06
   479577.593750    1.256695e+06    1.736280e+06
   480291.718750    1.275061e+06    1.755360e+06
   480994.125000    1.293439e+06    1.774440e+06
   481685.125000    1.311828e+06    1.793520e+06
   482365.000000    1.330229e+06    1.812600e+06
   483034.125000    1.348640e+06    1.831680e+06
   483692.718750    1.367062e+06    1.850760e+06
   484341.125000    1.385493e+06    1.869840e+06
   484979.593750    1.403935e+06    1.888920e+06
   485608.375000    1.422387e+06    1.908000e+06
   486227.687500    1.440848e+06    1.927080e+06
   486837.812500    1.459318e+06    1.946160e+06
   487438.968750    1.477797e+06    1.965240e+06
   488031.406250    1.496285e+06    1.984320e+06
   488615.312500    1.514781e+06    2.003400e+06
   489190.937500    1.533286e+06    2.022480e+06
   489758.500000    1.551798e+06    2.041560e+06
   490318.156250    1.570319e+06    2.060640e+06
   490870.125000    1.588847e+06    2.079720e+06
   491414.562500    1.607383e+06    2.098800e+06
   491951.718750    1.625926e+06    2.117880e+06
   492481.750000    1.644476e+06    2.136960e+06
   493004.781250    1.663033e+06    2.156040e+06
   493521.031250    1.681597e+06    2.175120e+06
   494030.687500    1.700168e+06    2.194200e+06
   494533.937500    1.718745e+06    2.213280e+06
   495030.906250    1.737328e+06    2.232360e+06
   495521.750000    1.755917e+06    2.251440e+06
   496006.625000    1.774512e+06    2.270520e+06
   496485.656250    1.793114e+06    2.289600e+06

