
            FOPR            FWPR            FWIR
      635.979309        0.000000      636.000000
      635.983459        0.000000      636.000000
      635.979065        0.000000      636.000000
      635.975342        0.000000      636.000000
      633.917236        1.983378      636.000000
      619.127380       16.757410      636.000000
      606.542969       29.394732      636.000000
      594.830322       41.086754      636.000000
      579.301758       56.638050      636.000000
      561.670410       74.288467      636.000000
      542.019165       93.948425      636.000000
      522.613647      113.323219      636.000000
      499.734894      136.151489      636.000000
      476.531647      159.371964      636.000000
      454.420898      181.507187      636.000000
      435.600677      200.357468      636.000000
      409.259918      226.603653      636.000000
      374.975128      260.849884      636.000000
      340.013000      295.817719      636.000000
      306.478882      329.389587      636.000000
      277.138641      358.788086      636.000000
      255.259430      380.726837      636.000000
      236.550140      399.457672      636.000000
      218.345230      417.666992      636.000000
      202.455948      433.572449      636.000000
      188.713837      447.323639      636.000000
      176.296036      459.744568      636.000000
      165.509888      470.533569      636.000000
      156.356735      479.686829      636.000000
      148.168396      487.872040      636.000000
      140.512222      495.525757      636.000000
      134.020340      502.017517      636.000000
      128.139252      507.896973      636.000000
      122.797173      513.237183      636.000000
      117.896233      518.136597      636.000000
      113.321396      522.711426      636.000000
      108.942001      527.090576      636.000000
      104.789352      531.239502      636.000000
      100.806755      535.224426      636.000000
       96.950363      539.080872      636.000000
       93.049904      542.982605      636.000000
       89.130997      546.899109      636.000000
       85.153687      550.877930      636.000000
       81.096107      554.933472      636.000000
       77.156303      558.872131      636.000000
       73.399055      562.630493      636.000000
       69.975395      566.053040      636.000000
       66.903534      569.123352      636.000000
       64.105766      571.920837      636.000000
       61.530525      574.494751      636.000000
       59.189976      576.837341      636.000000
       57.039860      578.984009      636.000000
       55.089230      580.934143      636.000000
       53.302994      582.718506      636.000000
       51.674961      584.345337      636.000000
       50.156364      585.861389      636.000000
       48.718521      587.299194      636.000000
       47.330925      588.689575      636.000000
       46.036392      589.979187      636.000000
       44.828842      591.187805      636.000000
       43.708279      592.309326      636.000000
       42.663582      593.353088      636.000000
       41.682030      594.333374      636.000000
       40.758934      595.256042      636.000000
       39.880535      596.133545      636.000000
       39.035789      596.978271      636.000000
       38.219757      597.795105      636.000000
       37.431236      598.584106      636.000000
       36.666008      599.347412      636.000000
       35.922115      600.093079      636.000000
       35.197098      600.818909      636.000000
       34.493473      601.520691      636.000000
       33.809132      602.206421      636.000000
       33.142231      602.870789      636.000000
       32.492596      603.519958      636.000000
       31.858971      604.153564      636.000000
       31.241312      604.772156      636.000000
       30.641348      605.373718      636.000000
       30.057390      605.955505      636.000000
       29.489029      606.522949      636.000000
       28.935991      607.076294      636.000000
       28.398632      607.613892      636.000000
       27.875834      608.137024      636.000000
       27.367899      608.645264      636.000000
       26.875141      609.135620      636.000000
       26.397778      609.612793      636.000000
       25.933689      610.076843      636.000000
       25.484564      610.525513      636.000000
       25.047884      610.961487      636.000000
       24.622234      611.388245      636.000000
       24.207607      611.800598      636.000000
       23.804277      612.205322      636.000000
       23.413599      612.595764      636.000000
       23.033222      612.975769      636.000000
       22.662952      613.345337      636.000000
       22.303768      613.704651      636.000000
       21.953768      614.055115      636.000000
       21.613520      614.395325      636.000000
       21.282124      614.725891      636.000000
       20.958952      615.049927      636.000000
       20.644035      615.364685      636.000000
       20.337379      615.669312      636.000000
       20.038965      615.968811      636.000000
       19.747761      616.259888      636.000000
       19.463913      616.543274      636.000000
       19.187471      616.819641      636.000000
       18.918327      617.089050      636.000000
       18.655231      617.352539      636.000000
       18.398666      617.608643      636.000000
       18.148634      617.858826      636.000000
       17.905027      618.101746      636.000000
       17.667149      618.339233      636.000000
       17.434837      618.572083      636.000000
       17.208172      618.798523      636.000000
       16.988771      619.017639      636.000000
       16.774706      619.231873      636.000000
       16.565588      619.440735      636.000000
       16.361496      619.644592      636.000000
       16.162258      619.843994      636.000000
       15.968033      620.037476      636.000000

