
    WWIR:INJECT6
       79.500000
       79.500000
       79.500000
       79.500000
       79.500000
       79.500000
       79.500000
       79.500000
       79.500000
       79.500000
       79.500000
       79.500000
       79.500000
       79.500000
       79.500000
       79.500000
       79.500000
       79.500000
       79.500000
       79.500000
       79.500000
       79.500000
       79.500000
       79.500000
       79.500000
       79.500000
       79.500000
       79.500000
       79.500000
       79.500000
       79.500000
       79.500000
       79.500000
       79.500000
       79.500000
       79.500000
       79.500000
       79.500000
       79.500000
       79.500000
       79.500000
       79.500000
       79.500000
       79.500000
       79.500000
       79.500000
       79.500000
       79.500000
       79.500000
       79.500000
       79.500000
       79.500000
       79.500000
       79.500000
       79.500000
       79.500000
       79.500000
       79.500000
       79.500000
       79.500000
       79.500000
       79.500000
       79.500000
       79.500000
       79.500000
       79.500000
       79.500000
       79.500000
       79.500000
       79.500000
       79.500000
       79.500000
       79.500000
       79.500000
       79.500000
       79.500000
       79.500000
       79.500000
       79.500000
       79.500000
       79.500000
       79.500000
       79.500000
       79.500000
       79.500000
       79.500000
       79.500000
       79.500000
       79.500000
       79.500000
       79.500000
       79.500000
       79.500000
       79.500000
       79.500000
       79.500000
       79.500000
       79.500000
       79.500000
       79.500000
       79.500000
       79.500000
       79.500000
       79.500000
       79.500000
       79.500000
       79.500000
       79.500000
       79.500000
       79.500000
       79.500000
       79.500000
       79.500000
       79.500000
       79.500000
       79.500000
       79.500000
       79.500000
       79.500000
       79.500000

