
      WOPR:PROD2      WWPR:PROD2      WLPR:PROD2
      307.980286       -0.000000      307.980286
      305.778839       -0.000000      305.778839
      303.301849       -0.000000      303.301849
      300.306763       -0.000000      300.306763
      287.818237        1.983378      289.801605
      251.994583       16.757410      268.752014
      226.891571       29.394732      256.286285
      201.873917       41.086754      242.960663
      177.527588       56.638050      234.165634
      154.976425       74.288467      229.264893
      133.700134       93.948425      227.648560
      119.918159      112.983383      232.901550
      112.045128      132.570023      244.615143
      106.484955      149.963867      256.448822
      101.830513      164.978928      266.809448
       96.748970      177.616669      274.365631
       95.605911      195.600861      291.206787
       96.385643      214.254028      310.639679
       97.412666      229.778870      327.191528
       98.301147      241.209335      339.510468
       98.145691      248.372803      346.518494
       96.481346      252.305908      348.787262
       94.069366      255.718811      349.788177
       91.560722      259.403320      350.964050
       88.694183      262.066071      350.760254
       85.773956      264.124481      349.898438
       82.915749      265.760681      348.676422
       80.188187      266.980865      347.169067
       77.690834      267.921265      345.612091
       75.419907      268.615784      344.035706
       73.326393      269.122284      342.448700
       71.370476      269.315491      340.685974
       69.481667      269.380951      338.862610
       67.640625      269.337616      336.978241
       65.829216      269.243530      335.072754
       64.045212      269.151367      333.196594
       62.217434      269.048828      331.266266
       60.384033      268.970398      329.354431
       58.521229      269.117737      327.638947
       56.572697      269.445526      326.018219
       54.412796      270.068817      324.481598
       52.117332      270.994141      323.111481
       49.670528      272.322266      321.992798
       47.071621      274.009033      321.080658
       44.516823      275.888733      320.405579
       42.070438      277.840912      319.911346
       39.871822      279.650635      319.522461
       37.937187      281.250000      319.187195
       36.195633      282.681915      318.877533
       34.595264      284.004425      318.599701
       33.155209      285.167603      318.322815
       31.849169      286.278625      318.127808
       30.689386      287.269470      317.958832
       29.642385      288.150482      317.792847
       28.701807      288.910034      317.611847
       27.821894      289.608032      317.429932
       26.986017      290.241821      317.227844
       26.168789      290.871490      317.040253
       25.414646      291.449188      316.863831
       24.721273      291.976837      316.698090
       24.089895      292.439178      316.529053
       23.515398      292.850342      316.365723
       22.986332      293.206543      316.192902
       22.498985      293.524994      316.023956
       22.040430      293.836273      315.876709
       21.601088      294.160339      315.761444
       21.174973      294.494843      315.669800
       20.758373      294.814789      315.573181
       20.351665      295.137787      315.489471
       19.954220      295.471375      315.425598
       19.564037      295.818298      315.382324
       19.181965      296.171295      315.353241
       18.807831      296.533691      315.341522
       18.440268      296.904846      315.345093
       18.079231      297.281616      315.360840
       17.724457      297.660950      315.385406
       17.376274      298.037048      315.413330
       17.036385      298.421936      315.458313
       16.703505      298.813934      315.517426
       16.377577      299.203430      315.581024
       16.058989      299.593536      315.652527
       15.747779      299.981934      315.729706
       15.444110      300.386139      315.830261
       15.148538      300.793518      315.942078
       14.860464      301.194458      316.054932
       14.579816      301.582947      316.162781
       14.306199      301.962921      316.269135
       14.041534      302.341064      316.382599
       13.783814      302.716400      316.500214
       13.532310      303.089691      316.622009
       13.286802      303.458679      316.745483
       13.048130      303.837463      316.885590
       12.818278      304.216797      317.035065
       12.594077      304.584686      317.178741
       12.375594      304.944244      317.319824
       12.162952      305.297882      317.460846
       11.955822      305.642456      317.598267
       11.755029      305.997589      317.752594
       11.559800      306.349396      317.909180
       11.369920      306.692474      318.062408
       11.185369      307.024994      318.210388
       11.006143      307.345459      318.351593
       10.831617      307.653900      318.485504
       10.661205      307.946472      318.607697
       10.495235      308.227112      318.722351
       10.333847      308.497650      318.831512
       10.176759      308.752838      318.929596
       10.023291      309.001862      319.025146
        9.873676      309.245544      319.119232
        9.727728      309.484070      319.211792
        9.585420      309.716217      319.301636
        9.446195      309.944672      319.390869
        9.309948      310.169250      319.479218
        9.176918      310.388672      319.565613
        9.048761      310.603455      319.652222
        8.923762      310.811401      319.735168
        8.801783      311.013641      319.815399
        8.682723      311.209167      319.891876
        8.566471      311.396973      319.963440
        8.453599      311.581421      320.035004

