
      WOPR:PROD4      WWPR:PROD4      WLPR:PROD4
      107.135384       -0.000000      107.135384
      107.802666       -0.000000      107.802666
      108.874367       -0.000000      108.874367
      110.229843       -0.000000      110.229843
      114.319061       -0.000000      114.319061
      122.488754       -0.000000      122.488754
      127.674988       -0.000000      127.674988
      133.364487       -0.000000      133.364487
      137.243973       -0.000000      137.243973
      139.589890       -0.000000      139.589890
      140.964172       -0.000000      140.964172
      142.736923       -0.000000      142.736923
      145.785568       -0.000000      145.785568
      147.743561       -0.000000      147.743561
      148.276993       -0.000000      148.276993
      145.516739       -0.000000      145.516739
      123.341156        1.676344      125.017502
       99.400406        8.669544      108.069946
       89.931747       15.378448      105.310196
       83.856918       21.190672      105.047592
       78.049385       26.233395      104.282776
       72.533691       30.289434      102.823128
       66.920410       34.152782      101.073189
       59.244972       38.682098       97.927071
       52.753033       43.226349       95.979378
       47.234917       47.303181       94.538101
       42.267181       51.453663       93.720840
       38.004192       55.292519       93.296707
       34.625961       58.574535       93.200500
       31.615351       61.654137       93.269485
       28.672050       64.695152       93.367203
       26.502747       67.180946       93.683693
       24.614428       69.390038       94.004463
       23.007492       71.365654       94.373146
       21.633921       73.136894       94.770813
       20.419521       74.809715       95.229240
       19.320618       76.370544       95.691162
       18.319839       77.867088       96.186928
       17.400307       79.249214       96.649521
       16.556360       80.561378       97.117737
       15.761339       81.875092       97.636429
       15.013788       83.142815       98.156601
       14.305545       84.333527       98.639069
       13.631816       85.462433       99.094246
       13.000008       86.505920       99.505928
       12.399014       87.468948       99.867958
       11.835993       88.370369      100.206360
       11.314295       89.254379      100.568672
       10.829111       90.096832      100.925941
       10.380043       90.883492      101.263535
        9.962884       91.620979      101.583862
        9.575544       92.322311      101.897858
        9.213657       92.979408      102.193069
        8.877029       93.595093      102.472122
        8.568073       94.189743      102.757812
        8.284017       94.762009      103.046021
        8.017900       95.299736      103.317642
        7.769427       95.803253      103.572678
        7.537365       96.283783      103.821144
        7.318872       96.739372      104.058243
        7.111278       97.164909      104.276184
        6.913149       97.565559      104.478714
        6.724035       97.953461      104.677490
        6.542940       98.318695      104.861633
        6.370090       98.658066      105.028152
        6.204742       98.972488      105.177231
        6.048749       99.271019      105.319771
        5.902887       99.559250      105.462135
        5.762462       99.819107      105.581566
        5.627062      100.054260      105.681320
        5.497110      100.268356      105.765472
        5.373694      100.465935      105.839630
        5.255116      100.648384      105.903503
        5.141595      100.814751      105.956345
        5.032541      100.962105      105.994644
        4.927913      101.092445      106.020355
        4.827187      101.206032      106.033218
        4.730986      101.305740      106.036720
        4.638605      101.391609      106.030212
        4.550498      101.479271      106.029770
        4.465822      101.561661      106.027489
        4.384371      101.635048      106.019417
        4.305722      101.693230      105.998947
        4.229949      101.741257      105.971207
        4.156736      101.779007      105.935745
        4.086185      101.807816      105.893997
        4.018158      101.831535      105.849693
        3.952808      101.850250      105.803055
        3.889867      101.864830      105.754692
        3.828909      101.875900      105.704811
        3.769902      101.879417      105.649315
        3.712719      101.873970      105.586693
        3.657261      101.863609      105.520874
        3.603900      101.861061      105.464958
        3.551939      101.857391      105.409325
        3.501430      101.848877      105.350304
        3.452460      101.838982      105.291443
        3.404746      101.820526      105.225273
        3.358344      101.798775      105.157120
        3.313220      101.776222      105.089447
        3.269367      101.752800      105.022171
        3.226770      101.729195      104.955963
        3.185293      101.704216      104.889511
        3.144989      101.677788      104.822777
        3.105905      101.651848      104.757751
        3.067871      101.629379      104.697250
        3.030907      101.611748      104.642654
        2.994665      101.594505      104.589172
        2.959302      101.576599      104.535904
        2.924869      101.558846      104.483719
        2.891350      101.541573      104.432922
        2.858605      101.524551      104.383156
        2.826592      101.507599      104.334190
        2.795338      101.490875      104.286209
        2.764710      101.471321      104.236031
        2.734720      101.450325      104.185043
        2.705413      101.429535      104.134949
        2.676975      101.411667      104.088638
        2.649359      101.398857      104.048218
        2.622214      101.386078      104.008293

