
      WOPR:PROD3      WWPR:PROD3      WLPR:PROD3
       88.502411       -0.000000       88.502411
       89.168007       -0.000000       89.168007
       89.910812       -0.000000       89.910812
       90.843285       -0.000000       90.843285
       93.569504       -0.000000       93.569504
       98.994064       -0.000000       98.994064
      102.340034       -0.000000      102.340034
      105.957588       -0.000000      105.957588
      108.411324       -0.000000      108.411324
      109.934708       -0.000000      109.934708
      111.081696       -0.000000      111.081696
      113.458199       -0.000000      113.458199
      117.867058       -0.000000      117.867058
      121.322639       -0.000000      121.322639
      123.343979       -0.000000      123.343979
      123.568832       -0.000000      123.568832
      126.907402       -0.000000      126.907402
      121.232582        0.281626      121.514206
       99.735046        3.140659      102.875710
       77.406418        9.138342       86.544762
       60.522446       15.868564       76.391006
       50.856400       21.373924       72.230324
       43.918980       26.204136       70.123116
       38.969486       30.568171       69.537659
       35.045689       34.220055       69.265739
       31.862669       37.378799       69.241470
       29.208046       40.222176       69.430222
       27.020004       42.873943       69.893944
       25.074402       45.193180       70.267578
       23.380310       47.259304       70.639610
       21.870144       49.156784       71.026932
       20.509958       50.946571       71.456528
       19.320326       52.581844       71.902168
       18.268692       54.027683       72.296371
       17.345501       55.342216       72.687714
       16.507166       56.517609       73.024773
       15.729644       57.598900       73.328545
       15.008508       58.580894       73.589401
       14.340430       59.480797       73.821228
       13.750009       60.336918       74.086929
       13.219851       61.097496       74.317345
       12.728181       61.773903       74.502083
       12.267621       62.362030       74.629654
       11.831537       62.865131       74.696671
       11.413158       63.323059       74.736214
       11.020631       63.743149       74.763779
       10.655591       64.129829       74.785423
       10.316534       64.488724       74.805252
        9.997522       64.830185       74.827705
        9.699676       65.154709       74.854385
        9.420294       65.460281       74.880577
        9.153470       65.727203       74.880676
        8.900025       65.984840       74.884865
        8.659697       66.238945       74.898636
        8.432232       66.485542       74.917770
        8.218017       66.719406       74.937424
        8.013365       66.968880       74.982246
        7.815193       67.221703       75.036896
        7.624513       67.464195       75.088707
        7.440449       67.701935       75.142387
        7.264813       67.952362       75.217178
        7.094817       68.207184       75.301994
        6.929356       68.455948       75.385300
        6.769509       68.703407       75.472923
        6.614349       68.944427       75.558777
        6.463052       69.175728       75.638779
        6.314953       69.398796       75.713745
        6.172286       69.629616       75.801903
        6.035265       69.865158       75.900429
        5.902757       70.092178       75.994934
        5.774333       70.308334       76.082664
        5.650491       70.514961       76.165451
        5.530971       70.710945       76.241920
        5.415581       70.893753       76.309334
        5.303946       71.063499       76.367447
        5.195951       71.230263       76.426216
        5.091854       71.405357       76.497215
        4.990947       71.571152       76.562103
        4.893661       71.726097       76.619751
        4.799206       71.870285       76.669495
        4.707598       72.005379       76.712975
        4.619584       72.134804       76.754387
        4.534598       72.255234       76.789833
        4.452211       72.368980       76.821198
        4.373616       72.484070       76.857681
        4.298420       72.599724       76.898140
        4.225628       72.709053       76.934685
        4.155089       72.810249       76.965340
        4.086449       72.906212       76.992661
        4.019440       72.998863       77.018303
        3.953689       73.085838       77.039528
        3.889337       73.166870       77.056206
        3.826326       73.241699       77.068031
        3.764716       73.311050       77.075768
        3.705039       73.378426       77.083466
        3.648251       73.447411       77.095665
        3.592780       73.514557       77.107338
        3.538918       73.574112       77.113029
        3.486360       73.630051       77.116409
        3.434589       73.685829       77.120415
        3.383703       73.741318       77.125023
        3.333758       73.796867       77.130623
        3.285386       73.859802       77.145187
        3.238035       73.926353       77.164391
        3.191637       73.991486       77.183121
        3.146348       74.053864       77.200211
        3.102188       74.110397       77.212585
        3.059320       74.163383       77.222710
        3.017709       74.213058       77.230774
        2.977414       74.260399       77.237816
        2.938358       74.305626       77.243988
        2.900477       74.348488       77.248962
        2.863871       74.389778       77.253647
        2.828384       74.428955       77.257339
        2.794221       74.470810       77.265030
        2.761137       74.517014       77.278152
        2.728802       74.562737       77.291534
        2.697235       74.606903       77.304138
        2.666438       74.649132       77.315575
        2.636353       74.689339       77.325691

