
    WWIR:INJECT2
       79.500000
       79.500000
       79.500000
       79.500000
       79.500000
       79.500000
       79.500000
       79.500000
       79.500000
       79.500000
       79.500000
       79.500000
       79.500000
       79.500000
       79.500000
       79.500000
       79.500000
       79.500000
       79.500000
       79.500000
       79.500000
       79.500000
       79.500000
       79.500000
       79.500000
       79.500000
       79.500000
       79.500000
       79.500000
       79.500000
       79.500000
       79.500000
       79.500000
       79.500000
       79.500000
       79.500000
       79.500000
       79.500000
       79.500000
       79.500000
       79.500000
       79.500000
       79.500000
       79.500000
       79.500000
       79.500000
       79.500000
       79.500000
       79.500000
       79.500000
       79.500000
       79.500000
       79.500000
       79.500000
       79.500000
       79.500000
       79.500000
       79.500000
       79.500000
       79.500000
       79.500000
       79.500000
       79.500000
       79.500000
       79.500000
       79.500000
       79.500000
       79.500000
       79.500000
       79.500000
       79.500000
       79.500000
       79.500000
       79.500000
       79.500000
       79.500000
       79.500000
       79.500000
       79.500000
       79.500000
       79.500000
       79.500000
       79.500000
       79.500000
       79.500000
       79.500000
       79.500000
       79.500000
       79.500000
       79.500000
       79.500000
       79.500000
       79.500000
       79.500000
       79.500000
       79.500000
       79.500000
       79.500000
       79.500000
       79.500000
       79.500000
       79.500000
       79.500000
       79.500000
       79.500000
       79.500000
       79.500000
       79.500000
       79.500000
       79.500000
       79.500000
       79.500000
       79.500000
       79.500000
       79.500000
       79.500000
       79.500000
       79.500000
       79.500000
       79.500000

