
            FOPR            FWPR            FWIR            FOPT            FWPT            FWIT
      635.979309        0.000000      636.000000    19077.052734        0.000000    19080.000000
      635.983459        0.000000      636.000000    38156.503906        0.000000    38160.000000
      635.979065        0.000000      636.000000    57235.875000        0.000000    57240.000000
      635.975342        0.000000      636.000000    76315.132812        0.000000    76320.000000
      633.917236        1.983378      636.000000    95363.375000       29.750668    95400.000000
      619.127380       16.757410      636.000000   114054.109375      415.203125   114480.000000
      606.542969       29.394732      636.000000   132332.765625     1214.205078   133560.000000
      594.830322       41.086754      636.000000   150177.671875     2446.807617   152640.000000
      579.301758       56.638050      636.000000   167556.734375     4145.949219   171720.000000
      561.670410       74.288467      636.000000   184406.843750     6374.603027   190800.000000
      542.019165       93.948425      636.000000   200667.421875     9193.055664   209880.000000
      522.613647      113.323219      636.000000   216345.828125    12592.751953   228960.000000
      499.734894      136.151489      636.000000   231337.875000    16677.296875   248040.000000
      476.531647      159.371964      636.000000   245633.828125    21458.457031   267120.000000
      454.420898      181.507187      636.000000   259266.453125    26903.671875   286200.000000
      435.600677      200.357468      636.000000   272334.468750    32914.394531   305280.000000
      409.259918      226.603653      636.000000   284612.281250    39712.503906   324360.000000
      374.975128      260.849884      636.000000   295861.531250    47538.003906   343440.000000
      340.013000      295.817719      636.000000   306061.906250    56412.535156   362520.000000
      306.478882      329.389587      636.000000   315256.281250    66294.218750   381600.000000
      277.138641      358.788086      636.000000   323570.437500    77057.867188   400680.000000
      255.259430      380.726837      636.000000   331228.218750    88479.671875   419760.000000
      236.550140      399.457672      636.000000   338324.718750   100463.398438   438840.000000
      218.345230      417.666992      636.000000   344875.093750   112993.406250   457920.000000
      202.455948      433.572449      636.000000   350948.750000   126000.585938   477000.000000
      188.713837      447.323639      636.000000   356610.187500   139420.296875   496080.000000
      176.296036      459.744568      636.000000   361899.062500   153212.625000   515160.000000
      165.509888      470.533569      636.000000   366864.343750   167328.640625   534240.000000
      156.356735      479.686829      636.000000   371555.062500   181719.234375   553320.000000
      148.168396      487.872040      636.000000   376000.093750   196355.406250   572400.000000
      140.512222      495.525757      636.000000   380215.468750   211221.171875   591480.000000
      134.020340      502.017517      636.000000   384236.093750   226281.703125   610560.000000
      128.139252      507.896973      636.000000   388080.250000   241518.609375   629640.000000
      122.797173      513.237183      636.000000   391764.187500   256915.718750   648720.000000
      117.896233      518.136597      636.000000   395301.062500   272459.812500   667800.000000
      113.321396      522.711426      636.000000   398700.718750   288141.156250   686880.000000
      108.942001      527.090576      636.000000   401968.968750   303953.875000   705960.000000
      104.789352      531.239502      636.000000   405112.656250   319891.062500   725040.000000
      100.806755      535.224426      636.000000   408136.843750   335947.812500   744120.000000
       96.950363      539.080872      636.000000   411045.343750   352120.218750   763200.000000
       93.049904      542.982605      636.000000   413836.843750   368409.718750   782280.000000
       89.130997      546.899109      636.000000   416510.781250   384816.687500   801360.000000
       85.153687      550.877930      636.000000   419065.406250   401343.031250   820440.000000
       81.096107      554.933472      636.000000   421498.281250   417991.031250   839520.000000
       77.156303      558.872131      636.000000   423812.968750   434757.187500   858600.000000
       73.399055      562.630493      636.000000   426014.937500   451636.093750   877680.000000
       69.975395      566.053040      636.000000   428114.187500   468617.687500   896760.000000
       66.903534      569.123352      636.000000   430121.312500   485691.406250   915840.000000
       64.105766      571.920837      636.000000   432044.468750   502849.031250   934920.000000
       61.530525      574.494751      636.000000   433890.406250   520083.875000   954000.000000
       59.189976      576.837341      636.000000   435666.093750   537389.000000   973080.000000
       57.039860      578.984009      636.000000   437377.281250   554758.500000   992160.000000
       55.089230      580.934143      636.000000   439029.968750   572186.500000    1.011240e+06
       53.302994      582.718506      636.000000   440629.062500   589668.062500    1.030320e+06
       51.674961      584.345337      636.000000   442179.312500   607198.437500    1.049400e+06
       50.156364      585.861389      636.000000   443684.000000   624774.312500    1.068480e+06
       48.718521      587.299194      636.000000   445145.562500   642393.250000    1.087560e+06
       47.330925      588.689575      636.000000   446565.468750   660053.937500    1.106640e+06
       46.036392      589.979187      636.000000   447946.562500   677753.312500    1.125720e+06
       44.828842      591.187805      636.000000   449291.437500   695488.937500    1.144800e+06
       43.708279      592.309326      636.000000   450602.687500   713258.250000    1.163880e+06
       42.663582      593.353088      636.000000   451882.593750   731058.812500    1.182960e+06
       41.682030      594.333374      636.000000   453133.062500   748888.812500    1.202040e+06
       40.758934      595.256042      636.000000   454355.812500   766746.500000    1.221120e+06
       39.880535      596.133545      636.000000   455552.250000   784630.500000    1.240200e+06
       39.035789      596.978271      636.000000   456723.312500   802539.875000    1.259280e+06
       38.219757      597.795105      636.000000   457869.906250   820473.750000    1.278360e+06
       37.431236      598.584106      636.000000   458992.843750   838431.250000    1.297440e+06
       36.666008      599.347412      636.000000   460092.812500   856411.687500    1.316520e+06
       35.922115      600.093079      636.000000   461170.500000   874414.437500    1.335600e+06
       35.197098      600.818909      636.000000   462226.406250   892439.000000    1.354680e+06
       34.493473      601.520691      636.000000   463261.187500   910484.625000    1.373760e+06
       33.809132      602.206421      636.000000   464275.468750   928550.812500    1.392840e+06
       33.142231      602.870789      636.000000   465269.750000   946636.937500    1.411920e+06
       32.492596      603.519958      636.000000   466244.531250   964742.562500    1.431000e+06
       31.858971      604.153564      636.000000   467200.281250   982867.187500    1.450080e+06
       31.241312      604.772156      636.000000   468137.531250    1.001010e+06    1.469160e+06
       30.641348      605.373718      636.000000   469056.781250    1.019172e+06    1.488240e+06
       30.057390      605.955505      636.000000   469958.500000    1.037350e+06    1.507320e+06
       29.489029      606.522949      636.000000   470843.156250    1.055546e+06    1.526400e+06
       28.935991      607.076294      636.000000   471711.250000    1.073758e+06    1.545480e+06
       28.398632      607.613892      636.000000   472563.187500    1.091987e+06    1.564560e+06
       27.875834      608.137024      636.000000   473399.468750    1.110231e+06    1.583640e+06
       27.367899      608.645264      636.000000   474220.500000    1.128490e+06    1.602720e+06
       26.875141      609.135620      636.000000   475026.781250    1.146764e+06    1.621800e+06
       26.397778      609.612793      636.000000   475818.687500    1.165052e+06    1.640880e+06
       25.933689      610.076843      636.000000   476596.718750    1.183355e+06    1.659960e+06
       25.484564      610.525513      636.000000   477361.250000    1.201671e+06    1.679040e+06
       25.047884      610.961487      636.000000   478112.687500    1.220000e+06    1.698120e+06
       24.622234      611.388245      636.000000   478851.343750    1.238341e+06    1.717200e+06
       24.207607      611.800598      636.000000   479577.593750    1.256695e+06    1.736280e+06
       23.804277      612.205322      636.000000   480291.718750    1.275061e+06    1.755360e+06
       23.413599      612.595764      636.000000   480994.125000    1.293439e+06    1.774440e+06
       23.033222      612.975769      636.000000   481685.125000    1.311828e+06    1.793520e+06
       22.662952      613.345337      636.000000   482365.000000    1.330229e+06    1.812600e+06
       22.303768      613.704651      636.000000   483034.125000    1.348640e+06    1.831680e+06
       21.953768      614.055115      636.000000   483692.718750    1.367062e+06    1.850760e+06
       21.613520      614.395325      636.000000   484341.125000    1.385493e+06    1.869840e+06
       21.282124      614.725891      636.000000   484979.593750    1.403935e+06    1.888920e+06
       20.958952      615.049927      636.000000   485608.375000    1.422387e+06    1.908000e+06
       20.644035      615.364685      636.000000   486227.687500    1.440848e+06    1.927080e+06
       20.337379      615.669312      636.000000   486837.812500    1.459318e+06    1.946160e+06
       20.038965      615.968811      636.000000   487438.968750    1.477797e+06    1.965240e+06
       19.747761      616.259888      636.000000   488031.406250    1.496285e+06    1.984320e+06
       19.463913      616.543274      636.000000   488615.312500    1.514781e+06    2.003400e+06
       19.187471      616.819641      636.000000   489190.937500    1.533286e+06    2.022480e+06
       18.918327      617.089050      636.000000   489758.500000    1.551798e+06    2.041560e+06
       18.655231      617.352539      636.000000   490318.156250    1.570319e+06    2.060640e+06
       18.398666      617.608643      636.000000   490870.125000    1.588847e+06    2.079720e+06
       18.148634      617.858826      636.000000   491414.562500    1.607383e+06    2.098800e+06
       17.905027      618.101746      636.000000   491951.718750    1.625926e+06    2.117880e+06
       17.667149      618.339233      636.000000   492481.750000    1.644476e+06    2.136960e+06
       17.434837      618.572083      636.000000   493004.781250    1.663033e+06    2.156040e+06
       17.208172      618.798523      636.000000   493521.031250    1.681597e+06    2.175120e+06
       16.988771      619.017639      636.000000   494030.687500    1.700168e+06    2.194200e+06
       16.774706      619.231873      636.000000   494533.937500    1.718745e+06    2.213280e+06
       16.565588      619.440735      636.000000   495030.906250    1.737328e+06    2.232360e+06
       16.361496      619.644592      636.000000   495521.750000    1.755917e+06    2.251440e+06
       16.162258      619.843994      636.000000   496006.625000    1.774512e+06    2.270520e+06
       15.968033      620.037476      636.000000   496485.656250    1.793114e+06    2.289600e+06

