
    WWIR:INJECT3
       79.500000
       79.500000
       79.500000
       79.500000
       79.500000
       79.500000
       79.500000
       79.500000
       79.500000
       79.500000
       79.500000
       79.500000
       79.500000
       79.500000
       79.500000
       79.500000
       79.500000
       79.500000
       79.500000
       79.500000
       79.500000
       79.500000
       79.500000
       79.500000
       79.500000
       79.500000
       79.500000
       79.500000
       79.500000
       79.500000
       79.500000
       79.500000
       79.500000
       79.500000
       79.500000
       79.500000
       79.500000
       79.500000
       79.500000
       79.500000
       79.500000
       79.500000
       79.500000
       79.500000
       79.500000
       79.500000
       79.500000
       79.500000
       79.500000
       79.500000
       79.500000
       79.500000
       79.500000
       79.500000
       79.500000
       79.500000
       79.500000
       79.500000
       79.500000
       79.500000
       79.500000
       79.500000
       79.500000
       79.500000
       79.500000
       79.500000
       79.500000
       79.500000
       79.500000
       79.500000
       79.500000
       79.500000
       79.500000
       79.500000
       79.500000
       79.500000
       79.500000
       79.500000
       79.500000
       79.500000
       79.500000
       79.500000
       79.500000
       79.500000
       79.500000
       79.500000
       79.500000
       79.500000
       79.500000
       79.500000
       79.500000
       79.500000
       79.500000
       79.500000
       79.500000
       79.500000
       79.500000
       79.500000
       79.500000
       79.500000
       79.500000
       79.500000
       79.500000
       79.500000
       79.500000
       79.500000
       79.500000
       79.500000
       79.500000
       79.500000
       79.500000
       79.500000
       79.500000
       79.500000
       79.500000
       79.500000
       79.500000
       79.500000
       79.500000
       79.500000

