
      WOPR:PROD1      WWPR:PROD1      WLPR:PROD1
      132.361237       -0.000000      132.361237
      133.233963       -0.000000      133.233963
      133.892029       -0.000000      133.892029
      134.595428       -0.000000      134.595428
      138.210449       -0.000000      138.210449
      145.649948       -0.000000      145.649948
      149.636383       -0.000000      149.636383
      153.634323       -0.000000      153.634323
      156.118896       -0.000000      156.118896
      157.169403       -0.000000      157.169403
      156.273178       -0.000000      156.273178
      146.500381        0.339834      146.840210
      124.037148        3.581472      127.618614
      100.980484        9.408096      110.388580
       80.969406       16.528252       97.497658
       69.766151       22.740795       92.506943
       63.405453       29.326448       92.731903
       57.956490       37.644691       95.601181
       52.933521       47.519730      100.453255
       46.914402       57.851242      104.765648
       40.421127       68.313339      108.734467
       35.387981       76.757568      112.145554
       31.641376       83.381950      115.023331
       28.570045       89.013405      117.583450
       25.963047       94.059982      120.023026
       23.842297       98.517189      122.359489
       21.905050      102.308052      124.213104
       20.297514      105.386253      125.683762
       18.965534      107.997864      126.963402
       17.752834      110.342804      128.095642
       16.643631      112.551537      129.195160
       15.637153      114.574516      130.211670
       14.722825      116.544151      131.266968
       13.880368      118.506233      132.386597
       13.087594      120.413956      133.501541
       12.349494      122.232735      134.582230
       11.674304      124.072304      135.746613
       11.076970      125.821144      136.898117
       10.544787      127.376686      137.921478
       10.071299      128.737061      138.808365
        9.655921      129.941223      139.597137
        9.271697      130.988235      140.259933
        8.909992      131.860123      140.770111
        8.561131      132.596863      141.157990
        8.226317      133.154373      141.380692
        7.908975      133.577484      141.486450
        7.611993      133.902237      141.514236
        7.335517      134.130280      141.465805
        7.083502      134.311935      141.395432
        6.855539      134.452103      141.307632
        6.651587      134.588486      141.240082
        6.461674      134.655899      141.117569
        6.286162      134.700455      140.986618
        6.123882      134.734009      140.857895
        5.972848      134.760010      140.732864
        5.832436      134.771942      140.604370
        5.701241      134.788757      140.489990
        5.577516      134.793137      140.370651
        5.459868      134.782013      140.241882
        5.348247      134.769653      140.117889
        5.242291      134.752853      139.995148
        5.140217      134.730011      139.870224
        5.042305      134.717422      139.759735
        4.947501      134.708984      139.656479
        4.855667      134.694763      139.550430
        4.766907      134.669708      139.436615
        4.681081      134.630447      139.311523
        4.597689      134.580444      139.178131
        4.516615      134.525360      139.041962
        4.438076      134.475281      138.913345
        4.361619      134.423935      138.785553
        4.287324      134.368484      138.655807
        4.215215      134.313416      138.528625
        4.144788      134.257462      138.402252
        4.076879      134.212738      138.289612
        4.010650      134.169937      138.180588
        3.945997      134.123734      138.069733
        3.883030      134.074905      137.957932
        3.821620      134.023849      137.845474
        3.761750      133.969971      137.731720
        3.703583      133.915710      137.619293
        3.646899      133.862122      137.509018
        3.591403      133.802399      137.393799
        3.537202      133.741470      137.278671
        3.484325      133.678055      137.162384
        3.433357      133.622299      137.055649
        3.383703      133.573334      136.957031
        3.335131      133.523972      136.859100
        3.287754      133.474075      136.761826
        3.241575      133.423782      136.665359
        3.197213      133.376678      136.573898
        3.154092      133.326996      136.481079
        3.111733      133.273666      136.385406
        3.070529      133.218994      136.289520
        3.030381      133.165268      136.195648
        2.991136      133.110489      136.101624
        2.952705      133.059143      136.011841
        2.914827      133.003128      135.917953
        2.877618      132.947708      135.825317
        2.841224      132.895386      135.736618
        2.805598      132.845535      135.651138
        2.770709      132.797806      135.568512
        2.736668      132.750885      135.487564
        2.703532      132.709259      135.412796
        2.671137      132.672791      135.343933
        2.639406      132.638763      135.278168
        2.608474      132.614059      135.222534
        2.577956      132.592773      135.170731
        2.547979      132.573441      135.121414
        2.518624      132.555481      135.074112
        2.489900      132.538361      135.028259
        2.461872      132.521530      134.983398
        2.434426      132.505417      134.939835
        2.407533      132.490021      134.897552
        2.381079      132.472046      134.853119
        2.355087      132.453125      134.808212
        2.329590      132.434860      134.764450
        2.304562      132.416840      134.721405
        2.279990      132.399017      134.679016
        2.255867      132.380646      134.636520

